-0.0752 -0.0336 0.0000 0.0000 0.0000 0.0000 -0.0667 -0.0324 0.0000 0.0056 -0.0000 0.0000 -0.0540 -0.0282 0.0000 0.0084 -0.0000 0.0000  -3.091766e-01
0.1494 0.1184 0.0000 0.0000 0.0000 0.0000 0.1515 0.1175 0.0000 0.0085 -0.0000 0.0000 0.1709 0.1156 0.0000 0.0029 0.0000 0.0000  -1.986491e-01
0.1659 -0.0762 0.0000 0.0000 0.0000 0.0000 0.1746 -0.0796 0.0000 0.0021 -0.0000 0.0000 0.1822 -0.0796 0.0000 -0.0025 0.0000 0.0000  -1.052404e-01
0.1073 0.0755 0.0000 0.0000 0.0000 0.0000 0.1183 0.0767 0.0000 0.0018 -0.0000 0.0000 0.1291 0.0828 0.0000 -0.0010 0.0000 0.0000  -1.264583e-02
-0.0055 0.0775 0.0000 0.0000 0.0000 0.0000 -0.0054 0.0824 0.0000 0.0007 -0.0000 0.0000 0.0124 0.0885 0.0000 0.0021 -0.0000 0.0000  -2.932699e-01
0.0325 0.1790 0.0000 0.0000 0.0000 0.0000 0.0439 0.1770 0.0000 -0.0009 0.0000 0.0000 0.0442 0.1694 0.0000 -0.0006 -0.0000 0.0000  -3.589174e-02
0.1389 -0.0270 0.0000 0.0000 0.0000 0.0000 0.1541 -0.0339 0.0000 -0.0059 0.0000 0.0000 0.1670 -0.0320 0.0000 -0.0067 0.0000 0.0000  -4.731338e-02
-0.0631 0.1586 0.0000 0.0000 0.0000 0.0000 -0.0484 0.1623 0.0000 -0.0011 0.0000 0.0000 -0.0403 0.1691 0.0000 -0.0059 0.0000 0.0000  -9.422729e-02
-0.0511 -0.0280 0.0000 0.0000 0.0000 0.0000 -0.0332 -0.0235 0.0000 -0.0002 0.0000 0.0000 -0.0148 -0.0236 0.0000 -0.0045 0.0000 0.0000  -9.667441e-02
0.1399 -0.0965 0.0000 0.0000 0.0000 0.0000 0.1502 -0.0980 0.0000 -0.0077 0.0000 0.0000 0.1560 -0.1007 0.0000 -0.0108 0.0000 0.0000  -5.914581e-02
-0.0073 0.2035 0.0000 0.0000 0.0000 0.0000 0.0138 0.2027 0.0000 -0.0013 0.0000 0.0000 0.0255 0.2039 0.0000 -0.0078 0.0000 0.0000  -2.488218e-01
0.0619 -0.0050 0.0000 0.0000 0.0000 0.0000 0.0727 0.0054 0.0000 -0.0016 0.0000 0.0000 0.0815 0.0021 0.0000 -0.0043 0.0000 0.0000  -3.834250e-02
0.0205 -0.1418 0.0000 0.0000 0.0000 0.0000 0.0187 -0.1378 0.0000 -0.0015 0.0000 0.0000 0.0354 -0.1430 0.0000 -0.0073 0.0000 0.0000  -2.296489e-01
0.1475 -0.1021 0.0000 0.0000 0.0000 0.0000 0.1630 -0.1059 0.0000 0.0021 -0.0000 0.0000 0.1553 -0.1120 0.0000 0.0004 0.0000 0.0000  -7.097409e-02
0.1027 -0.0036 0.0000 0.0000 0.0000 0.0000 0.1097 -0.0012 0.0000 -0.0015 0.0000 0.0000 0.1232 -0.0005 0.0000 0.0043 -0.0000 0.0000  -6.991074e-01
-0.0801 0.0703 0.0000 0.0000 0.0000 0.0000 -0.0729 0.0782 0.0000 0.0054 -0.0000 0.0000 -0.0560 0.0749 0.0000 0.0017 0.0000 0.0000  -1.105426e-01
-0.0374 -0.0751 0.0000 0.0000 0.0000 0.0000 -0.0201 -0.0719 0.0000 0.0054 -0.0000 0.0000 -0.0142 -0.0735 0.0000 0.0133 -0.0000 0.0000  -9.556577e-01
-0.0554 0.1121 0.0000 0.0000 0.0000 0.0000 -0.0567 0.1096 0.0000 -0.0004 0.0000 0.0000 -0.0476 0.1118 0.0000 0.0053 -0.0000 0.0000  -6.717784e-01
0.0098 0.0760 0.0000 0.0000 0.0000 0.0000 0.0173 0.0753 0.0000 -0.0059 0.0000 0.0000 0.0309 0.0699 0.0000 0.0002 -0.0000 0.0000  -7.292849e-01
0.1389 0.2036 0.0000 0.0000 0.0000 0.0000 0.1437 0.2130 0.0000 -0.0015 0.0000 0.0000 0.1545 0.2109 0.0000 -0.0040 0.0000 0.0000  -2.488156e-02
-0.0585 0.0799 0.0000 0.0000 0.0000 0.0000 -0.0454 0.0828 0.0000 0.0030 -0.0000 0.0000 -0.0384 0.0827 0.0000 0.0058 -0.0000 0.0000  -2.418730e-01
-0.0493 0.0773 0.0000 0.0000 0.0000 0.0000 -0.0410 0.0688 0.0000 0.0016 -0.0000 0.0000 -0.0261 0.0747 0.0000 -0.0011 0.0000 0.0000  -1.754137e-02
-0.0399 -0.0568 0.0000 0.0000 0.0000 0.0000 -0.0252 -0.0573 0.0000 0.0044 -0.0000 0.0000 -0.0187 -0.0562 0.0000 0.0070 -0.0000 0.0000  -2.190307e-01
-0.1014 -0.0025 0.0000 0.0000 0.0000 0.0000 -0.0944 -0.0030 0.0000 -0.0011 0.0000 0.0000 -0.0928 -0.0063 0.0000 -0.0000 -0.0000 0.0000  -7.300899e-02
0.0695 -0.2243 0.0000 0.0000 0.0000 0.0000 0.0806 -0.2276 0.0000 -0.0013 0.0000 0.0000 0.0919 -0.2316 0.0000 0.0025 -0.0000 0.0000  -3.813662e-01
-0.0455 0.0527 0.0000 0.0000 0.0000 0.0000 -0.0479 0.0458 0.0000 0.0028 -0.0000 0.0000 -0.0387 0.0402 0.0000 0.0032 -0.0000 0.0000  -6.893209e-02
0.0551 -0.0819 0.0000 0.0000 0.0000 0.0000 0.0619 -0.0691 0.0000 -0.0016 0.0000 0.0000 0.0742 -0.0707 0.0000 -0.0092 0.0000 0.0000  -3.720066e-01
0.0097 -0.0093 0.0000 0.0000 0.0000 0.0000 0.0154 -0.0092 0.0000 -0.0001 0.0000 0.0000 0.0269 -0.0133 0.0000 -0.0001 -0.0000 0.0000  -8.728649e-02
0.1099 -0.1578 0.0000 0.0000 0.0000 0.0000 0.1217 -0.1607 0.0000 0.0054 -0.0000 0.0000 0.1362 -0.1495 0.0000 0.0035 0.0000 0.0000  -4.731521e-02
0.0154 0.0494 0.0000 0.0000 0.0000 0.0000 0.0292 0.0523 0.0000 0.0028 -0.0000 0.0000 0.0395 0.0469 0.0000 0.0102 -0.0000 0.0000  -8.626623e-01
-0.0707 -0.1518 0.0000 0.0000 0.0000 0.0000 -0.0590 -0.1489 0.0000 0.0040 -0.0000 0.0000 -0.0431 -0.1495 0.0000 0.0021 0.0000 0.0000  -5.343279e-02
-0.0010 -0.1510 0.0000 0.0000 0.0000 0.0000 -0.0006 -0.1409 0.0000 -0.0036 0.0000 0.0000 0.0122 -0.1413 0.0000 0.0013 -0.0000 0.0000  -5.902027e-01
0.0764 0.0717 0.0000 0.0000 0.0000 0.0000 0.0861 0.0776 0.0000 0.0013 -0.0000 0.0000 0.1005 0.0754 0.0000 -0.0019 0.0000 0.0000  -7.301420e-02
0.0192 -0.0526 0.0000 0.0000 0.0000 0.0000 0.0362 -0.0580 0.0000 -0.0038 0.0000 0.0000 0.0430 -0.0679 0.0000 0.0038 -0.0000 0.0000  -8.614363e-01
0.0569 -0.0247 0.0000 0.0000 0.0000 0.0000 0.0628 -0.0267 0.0000 -0.0020 0.0000 0.0000 0.0701 -0.0262 0.0000 0.0021 -0.0000 0.0000  -4.009464e-01
0.1610 -0.0788 0.0000 0.0000 0.0000 0.0000 0.1665 -0.0798 0.0000 -0.0062 0.0000 0.0000 0.1746 -0.0775 0.0000 -0.0089 0.0000 0.0000  -2.732944e-02
0.0896 -0.0991 0.0000 0.0000 0.0000 0.0000 0.1068 -0.0975 0.0000 0.0039 -0.0000 0.0000 0.1217 -0.0974 0.0000 -0.0002 0.0000 0.0000  -8.443784e-02
0.0449 0.0518 0.0000 0.0000 0.0000 0.0000 0.0517 0.0438 0.0000 -0.0016 0.0000 0.0000 0.0636 0.0435 0.0000 -0.0017 0.0000 0.0000  -6.770819e-02
-0.1270 0.0204 0.0000 0.0000 0.0000 0.0000 -0.1168 0.0125 0.0000 0.0004 -0.0000 0.0000 -0.1095 0.0156 0.0000 0.0008 -0.0000 0.0000  -6.770644e-02
0.0923 -0.0241 0.0000 0.0000 0.0000 0.0000 0.1109 -0.0337 0.0000 -0.0043 0.0000 0.0000 0.1268 -0.0363 0.0000 -0.0004 -0.0000 0.0000  -4.804828e-01
0.0459 -0.1257 0.0000 0.0000 0.0000 0.0000 0.0410 -0.1444 0.0000 -0.0014 0.0000 0.0000 0.0499 -0.1349 0.0000 -0.0076 0.0000 0.0000  -1.631621e-01
-0.0015 0.0467 0.0000 0.0000 0.0000 0.0000 0.0166 0.0332 0.0000 -0.0011 0.0000 0.0000 0.0320 0.0391 0.0000 0.0081 -0.0000 0.0000  -1.377010e+00
0.0121 -0.0278 0.0000 0.0000 0.0000 0.0000 0.0307 -0.0184 0.0000 -0.0004 0.0000 0.0000 0.0399 -0.0206 0.0000 0.0013 -0.0000 0.0000  -1.431653e-01
-0.1303 0.0632 0.0000 0.0000 0.0000 0.0000 -0.1179 0.0645 0.0000 -0.0062 0.0000 0.0000 -0.1013 0.0737 0.0000 -0.0090 0.0000 0.0000  -5.506638e-02
0.0930 0.0600 0.0000 0.0000 0.0000 0.0000 0.1037 0.0594 0.0000 -0.0013 0.0000 0.0000 0.1199 0.0623 0.0000 -0.0054 0.0000 0.0000  -7.505572e-02
-0.1055 0.0995 0.0000 0.0000 0.0000 0.0000 -0.1077 0.1120 0.0000 0.0051 -0.0000 0.0000 -0.0943 0.1197 0.0000 0.0081 -0.0000 0.0000  -3.972783e-01
-0.1104 -0.0731 0.0000 0.0000 0.0000 0.0000 -0.1003 -0.0717 0.0000 -0.0028 0.0000 0.0000 -0.0992 -0.0739 0.0000 -0.0054 0.0000 0.0000  -4.038240e-02
0.0261 0.1655 0.0000 0.0000 0.0000 0.0000 0.0443 0.1677 0.0000 -0.0038 0.0000 0.0000 0.0602 0.1684 0.0000 -0.0046 0.0000 0.0000  -8.320846e-02
0.0776 -0.0751 0.0000 0.0000 0.0000 0.0000 0.0832 -0.0768 0.0000 -0.0029 0.0000 0.0000 0.0812 -0.0737 0.0000 0.0021 -0.0000 0.0000  -4.808922e-01
-0.0037 -0.0252 0.0000 0.0000 0.0000 0.0000 -0.0001 -0.0316 0.0000 0.0046 -0.0000 0.0000 0.0139 -0.0382 0.0000 0.0115 -0.0000 0.0000  -8.434907e-01
0.0011 -0.1380 0.0000 0.0000 0.0000 0.0000 0.0182 -0.1393 0.0000 -0.0002 0.0000 0.0000 0.0251 -0.1444 0.0000 0.0036 -0.0000 0.0000  -3.205942e-01
-0.0349 -0.0917 0.0000 0.0000 0.0000 0.0000 -0.0221 -0.0854 0.0000 0.0070 -0.0000 0.0000 -0.0122 -0.0972 0.0000 -0.0033 0.0000 0.0000  -9.593718e-01
-0.0387 0.1148 0.0000 0.0000 0.0000 0.0000 -0.0350 0.1134 0.0000 -0.0032 0.0000 0.0000 -0.0302 0.1172 0.0000 0.0011 -0.0000 0.0000  -4.127764e-01
-0.0286 0.1626 0.0000 0.0000 0.0000 0.0000 -0.0271 0.1571 0.0000 0.0020 -0.0000 0.0000 -0.0171 0.1565 0.0000 0.0015 0.0000 0.0000  -2.080110e-02
0.0131 0.0622 0.0000 0.0000 0.0000 0.0000 0.0309 0.0645 0.0000 -0.0009 0.0000 0.0000 0.0344 0.0598 0.0000 0.0009 -0.0000 0.0000  -1.190994e-01
0.0590 -0.0523 0.0000 0.0000 0.0000 0.0000 0.0711 -0.0570 0.0000 0.0033 -0.0000 0.0000 0.0733 -0.0554 0.0000 0.0071 -0.0000 0.0000  -3.197795e-01
-0.0261 0.0064 0.0000 0.0000 0.0000 0.0000 -0.0143 0.0056 0.0000 0.0015 -0.0000 0.0000 -0.0004 -0.0035 0.0000 0.0035 -0.0000 0.0000  -2.328976e-01
0.0027 -0.0379 0.0000 0.0000 0.0000 0.0000 0.0093 -0.0352 0.0000 0.0020 -0.0000 0.0000 0.0136 -0.0340 0.0000 0.0032 -0.0000 0.0000  -1.035991e-01
0.2901 0.0833 0.0000 0.0000 0.0000 0.0000 0.3086 0.0893 0.0000 -0.0007 0.0000 0.0000 0.3169 0.0784 0.0000 -0.0073 0.0000 0.0000  -3.883197e-01
-0.0997 -0.0201 0.0000 0.0000 0.0000 0.0000 -0.1020 -0.0151 0.0000 0.0054 -0.0000 0.0000 -0.0924 -0.0145 0.0000 0.0055 -0.0000 0.0000  -6.403668e-02
0.0901 0.0218 0.0000 0.0000 0.0000 0.0000 0.0989 0.0290 0.0000 0.0037 -0.0000 0.0000 0.1165 0.0244 0.0000 0.0047 -0.0000 0.0000  -1.904820e-01
-0.1393 -0.0269 0.0000 0.0000 0.0000 0.0000 -0.1316 -0.0186 0.0000 -0.0039 0.0000 0.0000 -0.1318 -0.0156 0.0000 -0.0061 0.0000 0.0000  -4.895776e-03
-0.0892 0.0610 0.0000 0.0000 0.0000 0.0000 -0.0814 0.0579 0.0000 -0.0029 0.0000 0.0000 -0.0672 0.0572 0.0000 0.0003 -0.0000 0.0000  -3.507785e-01
0.1035 -0.0300 0.0000 0.0000 0.0000 0.0000 0.1208 -0.0333 0.0000 -0.0016 0.0000 0.0000 0.1308 -0.0369 0.0000 -0.0042 0.0000 0.0000  -3.263185e-02
0.0913 -0.0967 0.0000 0.0000 0.0000 0.0000 0.1019 -0.0937 0.0000 0.0015 -0.0000 0.0000 0.1053 -0.0997 0.0000 -0.0020 0.0000 0.0000  -7.342307e-02
0.0980 0.1898 0.0000 0.0000 0.0000 0.0000 0.1047 0.1981 0.0000 0.0073 -0.0000 0.0000 0.1082 0.1962 0.0000 0.0025 0.0000 0.0000  -1.374638e-01
0.0105 0.0558 0.0000 0.0000 0.0000 0.0000 0.0118 0.0588 0.0000 -0.0080 0.0000 0.0000 0.0265 0.0576 0.0000 -0.0077 -0.0000 0.0000  -1.235888e-01
-0.0074 -0.1306 0.0000 0.0000 0.0000 0.0000 -0.0039 -0.1337 0.0000 -0.0031 0.0000 0.0000 0.0085 -0.1303 0.0000 -0.0057 0.0000 0.0000  -2.692059e-02
0.0623 -0.0633 0.0000 0.0000 0.0000 0.0000 0.0777 -0.0729 0.0000 -0.0005 0.0000 0.0000 0.0782 -0.0679 0.0000 0.0032 -0.0000 0.0000  -3.238586e-01
-0.0427 0.1453 0.0000 0.0000 0.0000 0.0000 -0.0332 0.1481 0.0000 0.0011 -0.0000 0.0000 -0.0254 0.1358 0.0000 -0.0016 0.0000 0.0000  -1.244089e-01
0.0243 0.1057 0.0000 0.0000 0.0000 0.0000 0.0304 0.1104 0.0000 0.0040 -0.0000 0.0000 0.0422 0.1190 0.0000 -0.0000 0.0000 0.0000  -5.343651e-02
-0.2612 -0.0181 0.0000 0.0000 0.0000 0.0000 -0.2529 -0.0221 0.0000 -0.0011 0.0000 0.0000 -0.2426 -0.0288 0.0000 -0.0076 0.0000 0.0000  -3.075574e-01
0.0079 -0.0674 0.0000 0.0000 0.0000 0.0000 0.0165 -0.0650 0.0000 -0.0021 0.0000 0.0000 0.0289 -0.0639 0.0000 -0.0056 0.0000 0.0000  -5.302844e-02
-0.1393 -0.0364 0.0000 0.0000 0.0000 0.0000 -0.1300 -0.0331 0.0000 0.0030 -0.0000 0.0000 -0.1095 -0.0330 0.0000 -0.0017 0.0000 0.0000  -1.395042e-01
0.0471 -0.0335 0.0000 0.0000 0.0000 0.0000 0.0566 -0.0284 0.0000 0.0034 -0.0000 0.0000 0.0612 -0.0310 0.0000 0.0014 0.0000 0.0000  -9.381161e-03
-0.0869 0.0973 0.0000 0.0000 0.0000 0.0000 -0.0699 0.0987 0.0000 0.0061 -0.0000 0.0000 -0.0604 0.0972 0.0000 -0.0004 0.0000 0.0000  -2.749259e-01
0.0205 -0.1312 0.0000 0.0000 0.0000 0.0000 0.0369 -0.1350 0.0000 -0.0089 0.0000 0.0000 0.0497 -0.1340 0.0000 -0.0092 0.0000 0.0000  -7.749646e-02
0.0776 -0.0682 0.0000 0.0000 0.0000 0.0000 0.0905 -0.0751 0.0000 0.0064 -0.0000 0.0000 0.0959 -0.0761 0.0000 0.0100 -0.0000 0.0000  -2.989769e-01
0.0353 0.0960 0.0000 0.0000 0.0000 0.0000 0.0441 0.1041 0.0000 -0.0056 0.0000 0.0000 0.0531 0.1129 0.0000 -0.0108 0.0000 0.0000  -1.052408e-01
0.1207 0.1067 0.0000 0.0000 0.0000 0.0000 0.1295 0.1009 0.0000 -0.0072 0.0000 0.0000 0.1457 0.0980 0.0000 -0.0085 0.0000 0.0000  -9.014232e-02
-0.0836 0.0455 0.0000 0.0000 0.0000 0.0000 -0.0725 0.0495 0.0000 -0.0025 0.0000 0.0000 -0.0583 0.0496 0.0000 0.0041 -0.0000 0.0000  -8.565436e-01
0.0015 -0.1192 0.0000 0.0000 0.0000 0.0000 0.0111 -0.1207 0.0000 -0.0027 0.0000 0.0000 0.0299 -0.1223 0.0000 0.0001 -0.0000 0.0000  -3.707651e-01
0.0561 -0.0410 0.0000 0.0000 0.0000 0.0000 0.0582 -0.0354 0.0000 0.0023 -0.0000 0.0000 0.0655 -0.0362 0.0000 0.0023 0.0000 0.0000  -2.814318e-02
0.0041 0.0786 0.0000 0.0000 0.0000 0.0000 0.0054 0.0688 0.0000 0.0045 -0.0000 0.0000 0.0206 0.0688 0.0000 0.0064 -0.0000 0.0000  -2.479910e-01
-0.0515 -0.1741 0.0000 0.0000 0.0000 0.0000 -0.0344 -0.1810 0.0000 -0.0054 0.0000 0.0000 -0.0182 -0.1795 0.0000 -0.0082 0.0000 0.0000  -4.446049e-02
-0.0758 -0.0061 0.0000 0.0000 0.0000 0.0000 -0.0649 -0.0087 0.0000 -0.0026 0.0000 0.0000 -0.0599 -0.0088 0.0000 -0.0094 0.0000 0.0000  -2.834927e-01
0.1141 -0.1153 0.0000 0.0000 0.0000 0.0000 0.1295 -0.1210 0.0000 0.0037 -0.0000 0.0000 0.1424 -0.1152 0.0000 0.0034 0.0000 0.0000  -9.422008e-02
0.0983 -0.0365 0.0000 0.0000 0.0000 0.0000 0.1119 -0.0420 0.0000 0.0003 -0.0000 0.0000 0.1194 -0.0517 0.0000 -0.0075 0.0000 0.0000  -5.363869e-01
0.0553 0.1370 0.0000 0.0000 0.0000 0.0000 0.0662 0.1263 0.0000 0.0016 -0.0000 0.0000 0.0766 0.1311 0.0000 -0.0021 0.0000 0.0000  -4.201451e-02
0.0062 -0.0753 0.0000 0.0000 0.0000 0.0000 0.0169 -0.0739 0.0000 -0.0020 0.0000 0.0000 0.0278 -0.0683 0.0000 0.0002 -0.0000 0.0000  -2.606358e-01
-0.0734 -0.0473 0.0000 0.0000 0.0000 0.0000 -0.0666 -0.0574 0.0000 0.0000 -0.0000 0.0000 -0.0591 -0.0681 0.0000 -0.0031 0.0000 0.0000  -1.174747e-01
-0.0430 0.0328 0.0000 0.0000 0.0000 0.0000 -0.0423 0.0331 0.0000 -0.0019 0.0000 0.0000 -0.0296 0.0328 0.0000 -0.0014 -0.0000 0.0000  -1.239964e-01
0.0720 -0.0130 0.0000 0.0000 0.0000 0.0000 0.0925 -0.0040 0.0000 0.0047 -0.0000 0.0000 0.1051 -0.0003 0.0000 0.0009 0.0000 0.0000  -5.914752e-02
0.0719 0.0077 0.0000 0.0000 0.0000 0.0000 0.0877 0.0008 0.0000 -0.0041 0.0000 0.0000 0.0926 0.0046 0.0000 -0.0088 0.0000 0.0000  -8.688454e-02
-0.0530 0.2178 0.0000 0.0000 0.0000 0.0000 -0.0543 0.1977 0.0000 -0.0078 0.0000 0.0000 -0.0489 0.1958 0.0000 -0.0044 -0.0000 0.0000  -3.006071e-01
0.0422 -0.0243 0.0000 0.0000 0.0000 0.0000 0.0502 -0.0266 0.0000 0.0023 -0.0000 0.0000 0.0606 -0.0196 0.0000 0.0006 0.0000 0.0000  0.000000e+00
-0.2169 0.2274 0.0000 0.0000 0.0000 0.0000 -0.2076 0.2234 0.0000 -0.0001 0.0000 0.0000 -0.2026 0.2340 0.0000 -0.0065 0.0000 0.0000  -1.876367e-01
-0.1086 0.0927 0.0000 0.0000 0.0000 0.0000 -0.1009 0.1012 0.0000 -0.0024 0.0000 0.0000 -0.0929 0.0973 0.0000 -0.0002 -0.0000 0.0000  -1.709003e-01
0.0702 -0.0416 0.0000 0.0000 0.0000 0.0000 0.0796 -0.0433 0.0000 -0.0012 0.0000 0.0000 0.0860 -0.0415 0.0000 0.0014 -0.0000 0.0000  -2.120987e-01
0.0195 -0.0277 0.0000 0.0000 0.0000 0.0000 0.0345 -0.0284 0.0000 -0.0009 0.0000 0.0000 0.0441 -0.0416 0.0000 -0.0020 0.0000 0.0000  -1.072728e-01
