0.000000e+00
3.542108e-05
6.368725e-05
9.300885e-05
1.219504e-04
1.574823e-04
1.872686e-04
2.151982e-04
2.404195e-04
2.654724e-04
2.934039e-04
3.248890e-04
3.577269e-04
3.905774e-04
4.273287e-04
4.615238e-04
4.935197e-04
5.221306e-04
5.490458e-04
5.776537e-04
6.096467e-04
6.423161e-04
6.745425e-04
7.068220e-04
7.421135e-04
7.746861e-04
8.003474e-04
8.238620e-04
8.512360e-04
8.853262e-04
9.215518e-04
9.576734e-04
9.938865e-04
1.029736e-03
1.064650e-03
1.097847e-03
1.140317e-03
1.189690e-03
1.232543e-03
1.275179e-03
1.307084e-03
1.356003e-03
1.409362e-03
1.435382e-03
1.473045e-03
1.501806e-03
1.551009e-03
1.599464e-03
1.636879e-03
1.675217e-03
1.713355e-03
1.756124e-03
1.801845e-03
1.850785e-03
1.903195e-03
1.967723e-03
2.026724e-03
2.100510e-03
2.164651e-03
2.229546e-03
2.298033e-03
2.377103e-03
2.415982e-03
2.470520e-03
2.525201e-03
2.582402e-03
2.643417e-03
2.705700e-03
2.769050e-03
2.829308e-03
2.882509e-03
2.942124e-03
3.002422e-03
3.080097e-03
3.154924e-03
3.246981e-03
3.335184e-03
3.464683e-03
3.550048e-03
3.621753e-03
3.698155e-03
3.774477e-03
3.844982e-03
3.927881e-03
4.018418e-03
4.108833e-03
4.201730e-03
4.283103e-03
4.322035e-03
4.401263e-03
4.479909e-03
4.566361e-03
4.669017e-03
4.766630e-03
4.855798e-03
4.940266e-03
5.051201e-03
5.105930e-03
5.183008e-03
5.241816e-03
5.312762e-03
5.379740e-03
5.453939e-03
5.528904e-03
5.594141e-03
5.664458e-03
5.747010e-03
5.816233e-03
5.886425e-03
5.951154e-03
6.023627e-03
6.097894e-03
6.165485e-03
6.240597e-03
6.294434e-03
6.361382e-03
6.427170e-03
6.496086e-03
6.558254e-03
6.612530e-03
6.679205e-03
6.745883e-03
6.810978e-03
6.875047e-03
6.917298e-03
6.976369e-03
7.045491e-03
7.098906e-03
7.156669e-03
7.199421e-03
7.253632e-03
7.309557e-03
7.368580e-03
7.432577e-03
7.447640e-03
7.499946e-03
7.559956e-03
7.613341e-03
7.667924e-03
7.700041e-03
7.747387e-03
7.799229e-03
7.861631e-03
7.916507e-03
7.943765e-03
8.007465e-03
8.057324e-03
8.110150e-03
8.167569e-03
8.204063e-03
8.246403e-03
8.298333e-03
8.359055e-03
8.415009e-03
8.443559e-03
8.506366e-03
8.569550e-03
8.641736e-03
8.702044e-03
8.743995e-03
8.804079e-03
8.862778e-03
8.935916e-03
9.013348e-03
9.056482e-03
9.135092e-03
9.245276e-03
8.668755e-03
1.060727e-02
1.221199e-02
2.524216e-03
-2.756043e-03
-6.426622e-03
-1.040146e-02
-1.534071e-02
-1.897529e-02
-2.277188e-02
-2.644994e-02
-3.061493e-02
-3.491436e-02
-4.203614e-02
-4.653467e-02
-5.061615e-02
-5.439533e-02
-5.943550e-02
-6.538032e-02
-6.966957e-02
-7.413016e-02
-7.881440e-02
-8.327522e-02
-8.831696e-02
-8.939534e-02
-9.069169e-02
-9.226546e-02
-9.398915e-02
-9.577017e-02
-9.779348e-02
-9.972551e-02
-1.014668e-01
-7.848723e-02
-5.717434e-02
-4.219965e-02
-2.943720e-02
-2.049926e-02
-9.895037e-03
3.899281e-03
1.863759e-02
3.335410e-02
4.796913e-02
6.248808e-02
7.626461e-02
9.437302e-02
1.123047e-01
1.328520e-01
1.494357e-01
1.658538e-01
1.833443e-01
2.043994e-01
2.125456e-01
2.259265e-01
2.391992e-01
2.524196e-01
2.655200e-01
2.767993e-01
2.898401e-01
3.027514e-01
3.155729e-01
3.283092e-01
3.389565e-01
3.516029e-01
3.642273e-01
3.767911e-01
3.892512e-01
3.993165e-01
4.154741e-01
4.363577e-01
4.522269e-01
4.626624e-01
4.785231e-01
4.941773e-01
5.104785e-01
5.268173e-01
5.421837e-01
5.500567e-01
5.891925e-01
5.997896e-01
5.928225e-01
5.839184e-01
6.435842e-01
6.335580e-01
6.252497e-01
6.139549e-01
6.038627e-01
5.918550e-01
5.811687e-01
5.693388e-01
5.573828e-01
5.504931e-01
5.479362e-01
5.438288e-01
5.397875e-01
5.403434e-01
5.421807e-01
5.664850e-01
6.046502e-01
6.404241e-01
6.704932e-01
6.999148e-01
7.311461e-01
7.612599e-01
7.948810e-01
8.284551e-01
8.657440e-01
8.992103e-01
9.269918e-01
9.345374e-01
9.445794e-01
9.521110e-01
9.646545e-01
9.771619e-01
9.871888e-01
9.972066e-01
1.007218e+00
1.019731e+00
1.032167e+00
1.042169e+00
1.052007e+00
1.059443e+00
1.071877e+00
1.084288e+00
1.094093e+00
1.104016e+00
1.111410e+00
1.123922e+00
1.136283e+00
1.141287e+00
1.151146e+00
1.163487e+00
1.176000e+00
1.185627e+00
1.195369e+00
1.205159e+00
1.214956e+00
1.224683e+00
1.242217e+00
1.242949e+00
1.242373e+00
1.241774e+00
1.241169e+00
1.240488e+00
1.239811e+00
1.239213e+00
1.238308e+00
1.237315e+00
1.236704e+00
1.236094e+00
1.235486e+00
1.234882e+00
1.234276e+00
1.233665e+00
1.232591e+00
1.231979e+00
1.231142e+00
1.229936e+00
1.229181e+00
1.228428e+00
1.227683e+00
1.227092e+00
1.226350e+00
1.225756e+00
1.224572e+00
1.223304e+00
1.222564e+00
1.221749e+00
1.220846e+00
1.219895e+00
1.218872e+00
1.218267e+00
1.217682e+00
1.217101e+00
1.216522e+00
1.215943e+00
1.215362e+00
1.214635e+00
1.213910e+00
1.212758e+00
1.212041e+00
1.211006e+00
1.210362e+00
1.209764e+00
1.208608e+00
1.207754e+00
1.207160e+00
1.206396e+00
1.205400e+00
1.204687e+00
1.204089e+00
1.203175e+00
1.202453e+00
1.201732e+00
1.200727e+00
1.199695e+00
1.199117e+00
1.198540e+00
1.197961e+00
1.197382e+00
1.196805e+00
1.196226e+00
1.195611e+00
1.194569e+00
1.193222e+00
1.192346e+00
1.191425e+00
1.190596e+00
1.189991e+00
1.189130e+00
1.188362e+00
1.187703e+00
1.186295e+00
1.185405e+00
1.184279e+00
1.183427e+00
1.182596e+00
1.181797e+00
1.181092e+00
1.180324e+00
1.179685e+00
1.179066e+00
1.178421e+00
1.177671e+00
1.176664e+00
1.175748e+00
1.174157e+00
1.172697e+00
1.171779e+00
1.170812e+00
1.169091e+00
1.168139e+00
1.166472e+00
1.165471e+00
1.164521e+00
1.163892e+00
1.161929e+00
1.160521e+00
1.159282e+00
1.158513e+00
1.157593e+00
1.156750e+00
1.156139e+00
1.155528e+00
1.154762e+00
1.153994e+00
1.153380e+00
1.152310e+00
1.151541e+00
1.150932e+00
