3.465341e-317
2.048110e-02
3.223246e-02
4.303371e-02
5.288484e-02
6.463619e-02
7.448734e-02
8.432065e-02
9.417181e-02
1.040230e-01
1.138742e-01
1.237253e-01
1.335765e-01
1.434097e-01
1.542110e-01
1.640621e-01
1.739133e-01
1.837645e-01
1.936157e-01
2.034669e-01
2.133182e-01
2.231694e-01
2.329684e-01
2.427292e-01
2.535305e-01
2.642884e-01
2.741416e-01
2.839880e-01
2.937703e-01
3.036032e-01
3.134170e-01
3.232171e-01
3.330604e-01
3.429003e-01
3.527329e-01
3.625760e-01
3.748517e-01
3.871256e-01
3.969815e-01
4.068112e-01
4.141261e-01
4.264206e-01
4.411877e-01
4.485353e-01
4.583688e-01
4.657127e-01
4.779804e-01
4.903239e-01
5.001751e-01
5.099893e-01
5.198201e-01
5.295880e-01
5.394404e-01
5.493434e-01
5.591571e-01
5.713986e-01
5.837365e-01
5.984003e-01
6.106841e-01
6.229874e-01
6.352319e-01
6.500135e-01
6.573729e-01
6.672046e-01
6.770597e-01
6.869268e-01
6.967922e-01
7.066516e-01
7.164505e-01
7.262741e-01
7.362086e-01
7.460135e-01
7.558272e-01
7.680959e-01
7.804333e-01
7.952142e-01
8.100636e-01
8.296929e-01
8.420264e-01
8.518716e-01
8.616538e-01
8.714375e-01
8.812975e-01
8.936566e-01
9.059368e-01
9.182489e-01
9.305082e-01
9.429129e-01
9.504680e-01
9.628193e-01
9.752074e-01
9.875767e-01
1.002457e+00
1.014664e+00
1.026945e+00
1.039284e+00
1.054064e+00
1.061488e+00
1.071327e+00
1.081409e+00
1.091321e+00
1.101258e+00
1.111104e+00
1.120983e+00
1.131015e+00
1.140967e+00
1.150733e+00
1.160671e+00
1.170552e+00
1.180476e+00
1.190380e+00
1.200301e+00
1.210304e+00
1.220184e+00
1.230309e+00
1.240249e+00
1.250187e+00
1.260098e+00
1.270129e+00
1.280228e+00
1.290193e+00
1.300157e+00
1.310127e+00
1.320062e+00
1.330259e+00
1.340325e+00
1.350224e+00
1.360303e+00
1.370283e+00
1.380462e+00
1.390482e+00
1.400528e+00
1.410518e+00
1.420483e+00
1.431035e+00
1.441106e+00
1.451105e+00
1.461144e+00
1.471176e+00
1.481518e+00
1.491673e+00
1.501728e+00
1.511774e+00
1.521956e+00
1.532412e+00
1.542468e+00
1.552686e+00
1.562859e+00
1.572963e+00
1.583341e+00
1.593641e+00
1.603853e+00
1.613977e+00
1.624173e+00
1.634649e+00
1.644750e+00
1.654881e+00
1.664941e+00
1.675146e+00
1.685627e+00
1.695840e+00
1.706045e+00
1.716099e+00
1.726139e+00
1.736686e+00
1.747785e+00
1.761680e+00
1.769244e+00
1.762000e+00
1.754848e+00
1.765094e+00
1.775478e+00
1.782608e+00
1.790425e+00
1.800033e+00
1.807123e+00
1.814442e+00
1.821594e+00
1.829672e+00
1.837926e+00
1.851671e+00
1.860470e+00
1.868210e+00
1.875466e+00
1.885039e+00
1.896279e+00
1.904474e+00
1.911814e+00
1.918987e+00
1.926154e+00
1.917962e+00
1.910579e+00
1.902626e+00
1.894015e+00
1.886055e+00
1.878757e+00
1.871189e+00
1.863511e+00
1.856263e+00
1.875781e+00
1.896140e+00
1.910284e+00
1.922473e+00
1.930193e+00
1.939813e+00
1.952887e+00
1.966985e+00
1.981040e+00
1.995017e+00
2.008913e+00
2.022024e+00
2.039479e+00
2.056766e+00
2.076523e+00
2.092494e+00
2.108350e+00
2.125353e+00
2.145850e+00
2.153655e+00
2.166698e+00
2.179633e+00
2.192507e+00
2.205278e+00
2.216190e+00
2.228918e+00
2.241523e+00
2.254046e+00
2.266499e+00
2.276855e+00
2.289247e+00
2.301592e+00
2.313863e+00
2.326028e+00
2.335774e+00
2.351581e+00
2.371919e+00
2.387374e+00
2.397382e+00
2.412876e+00
2.428101e+00
2.443790e+00
2.459522e+00
2.474299e+00
2.481666e+00
2.519136e+00
2.528567e+00
2.521180e+00
2.514051e+00
2.572401e+00
2.561871e+00
2.554053e+00
2.544256e+00
2.536134e+00
2.527174e+00
2.519759e+00
2.512032e+00
2.503842e+00
2.495713e+00
2.487754e+00
2.479505e+00
2.472281e+00
2.464929e+00
2.456245e+00
2.448690e+00
2.439303e+00
2.430498e+00
2.423099e+00
2.415829e+00
2.408134e+00
2.400719e+00
2.392448e+00
2.384197e+00
2.375068e+00
2.366907e+00
2.342166e+00
2.331446e+00
2.317173e+00
2.306468e+00
2.288639e+00
2.270848e+00
2.256564e+00
2.242273e+00
2.227978e+00
2.210109e+00
2.192356e+00
2.178055e+00
2.163973e+00
2.153326e+00
2.135534e+00
2.117796e+00
2.103790e+00
2.089603e+00
2.079037e+00
2.061167e+00
2.043526e+00
2.036377e+00
2.022290e+00
2.004656e+00
1.986786e+00
1.973048e+00
1.959128e+00
1.945133e+00
1.931139e+00
1.917257e+00
1.892250e+00
1.882967e+00
1.875389e+00
1.867812e+00
1.860236e+00
1.851711e+00
1.843187e+00
1.835609e+00
1.824246e+00
1.811937e+00
1.804363e+00
1.796787e+00
1.789211e+00
1.781635e+00
1.774059e+00
1.766483e+00
1.753226e+00
1.745650e+00
1.735210e+00
1.720057e+00
1.710587e+00
1.701116e+00
1.691645e+00
1.684068e+00
1.674597e+00
1.667020e+00
1.651865e+00
1.635659e+00
1.626188e+00
1.615769e+00
1.604246e+00
1.591932e+00
1.578671e+00
1.570926e+00
1.563348e+00
1.555771e+00
1.548192e+00
1.540614e+00
1.533036e+00
1.523564e+00
1.514092e+00
1.498935e+00
1.489462e+00
1.475917e+00
1.467391e+00
1.459542e+00
1.444151e+00
1.432783e+00
1.425001e+00
1.415145e+00
1.401882e+00
1.392408e+00
1.384641e+00
1.372918e+00
1.363445e+00
1.353972e+00
1.340710e+00
1.327249e+00
1.319671e+00
1.312093e+00
1.304515e+00
1.296937e+00
1.289359e+00
1.281781e+00
1.273918e+00
1.260460e+00
1.243149e+00
1.231783e+00
1.219983e+00
1.209322e+00
1.201547e+00
1.192438e+00
1.182878e+00
1.175307e+00
1.160172e+00
1.150564e+00
1.138265e+00
1.128625e+00
1.118977e+00
1.109511e+00
1.100990e+00
1.091521e+00
1.083534e+00
1.075959e+00
1.068387e+00
1.059870e+00
1.048515e+00
1.038105e+00
1.019752e+00
1.002715e+00
9.918966e-01
9.805379e-01
9.601691e-01
9.488093e-01
9.289295e-01
9.169857e-01
9.056220e-01
8.980579e-01
8.744011e-01
8.573557e-01
8.421838e-01
8.327338e-01
8.213648e-01
8.109332e-01
8.033704e-01
7.957798e-01
7.862608e-01
7.767718e-01
7.691781e-01
7.559140e-01
7.463860e-01
7.387694e-01
