-0.318982, -0.00011522, 0.000311096
-0.470019, -0.000104485, 0.000108441
-0.391442, -0.000103237, 0.00032963
-0.122537, -0.000116741, -7.36004e-05
-0.355305, -0.000862019, 0.00130839
-0.187181, -0.000648586, 0.0016126
-0.473696, -0.000783424, 0.00179862
-0.209166, -0.000868228, 0.00193735
-0.223177, -0.000563174, 0.00187159
-0.310422, -0.000867298, 0.00212567
-0.254356, -0.000964196, 0.00207454
-0.0242713, -0.000838271, 0.00207997
-0.164517, -0.000705321, 0.00216835
-0.167365, -0.000480091, 0.00191897
-0.0478841, -0.000249698, 0.00185809
0.131992, -1.341e-05, 0.00190111
0.24629, 0.000139302, 0.00161732
0.17726, 5.77218e-05, 0.00135042
0.260117, 0.000122921, 0.0010349
0.530114, 0.000139252, 0.00109103
0.438932, -1.40278e-05, 0.00132696
0.628274, -5.46315e-05, 0.00132166
0.531009, -0.000263726, 0.00139585
0.706129, -8.19237e-05, 0.00119877
0.643684, -0.000328305, 0.00127381
0.868032, -0.00035268, -6.17722e-05
0.859392, -0.000370412, -0.000250772
0.880404, -0.000371047, -2.10029e-05
0.731624, -0.000444448, 0.000312741
1.44355, -0.000478683, -4.5776e-05
1.33037, -0.000533722, 0.000286296
1.45551, -0.000511979, 0.000124598
1.40037, -0.000506187, 5.47717e-05
1.49693, -0.000531479, -0.000161159
1.36436, -0.000525358, -5.31063e-05
1.40996, -0.000525053, -3.12371e-06
1.11659, -0.000515656, 0.000155845
0.6372, -0.000552143, 0.000312368
-0.0535557, -0.00101346, 0.000718272
-0.0562593, -0.00103893, 0.000813101
0.0831757, -0.00101962, 0.000871941
0.653215, -0.00090708, 0.000295276
0.469198, -0.00101237, 0.000546271
0.0780981, -0.00103983, 0.000171577
0.104517, -0.0010423, 0.000293311
0.337331, -0.000993457, 0.000195025
0.198796, -0.00101078, 0.000153729
0.258473, -0.00103056, 0.0002751
0.0678917, -0.00112789, 0.000755439
0.284441, -0.00097004, 0.000845615
0.36228, -0.00100402, 0.000940479
0.0914812, -0.00118928, 0.00135377
0.849729, -0.00112763, 0.00155335
0.0493578, -0.00121721, 0.00169369
0.170708, -0.000905356, 0.00142964
-0.432238, -0.00200193, 0.00228432
-0.360966, -0.00214539, 0.00228341
-0.564152, -0.00191279, 0.00247029
-1.09454, -0.00253591, 0.00275449
-0.990508, -0.00236457, 0.00279843
-1.02406, -0.00289766, 0.0032063
-0.959928, -0.00260584, 0.00299164
-0.745445, -0.00281711, 0.00326118
-0.912303, -0.00343859, 0.00358826
-1.06219, -0.00402182, 0.00395203
-0.876442, -0.00315855, 0.00391926
-1.88474, -0.00410797, 0.00437122
-1.82753, -0.00416592, 0.0041491
-1.79653, -0.00420779, 0.00417099
-2.08618, -0.00433323, 0.0038537
-2.39941, -0.00439994, 0.00383007
-2.47667, -0.00411143, 0.00426508
-3.97981, -0.0105767, 0.00645017
-4.08423, -0.00969003, 0.00713978
-4.72383, -0.0124302, 0.00906816
-5.23594, -0.0156506, 0.0109445
-6.16522, -0.0160283, 0.0125809
-6.20079, -0.00287615, 0.0123806
-7.89921, -0.00989538, 0.0146804
-8.15132, 0.00606344, 0.0160689
-9.03812, 0.0028505, 0.0189745
-9.92717, -0.00479751, 0.0213673
-10.654, -0.00553857, 0.0235574
-11.3514, -0.00417343, 0.0253223
-12.1508, -0.0096549, 0.0273394
-13.4338, -0.018289, 0.0307429
-14.4463, 0.00203925, 0.0324517
-16.554, -0.00826505, 0.034217
-17.4065, -0.00835997, 0.0358289
-17.6846, -0.0030514, 0.0370937
-18.2993, -0.00372766, 0.0379686
-18.729, -0.0103552, 0.0386869
-18.5866, -0.0103741, 0.0389997
-18.4447, -0.016909, 0.0390367
-18.1534, -0.021026, 0.0385379
-17.931, -0.0427503, 0.038258
-17.7298, -0.0943271, 0.0378912
-16.9433, -0.0967678, 0.0362094
-16.0546, -0.0897155, 0.0342161
-15.7962, -0.177705, 0.0352492
-15.2894, -0.250931, 0.0343044
-14.2703, -0.270068, 0.031361
-13.869, -0.37879, 0.0378548
-13.398, -0.380589, 0.0372648
-14.8116, -0.463401, 0.0373767
-14.2219, -0.451501, 0.0365771
-7.55898, -0.39625, 0.0270663
-8.40199, -0.454775, 0.0272648
-7.25447, -0.44748, 0.0256824
-7.79974, -0.469069, 0.0254123
-7.89275, -0.496017, 0.024982
-5.05432, -0.500575, 0.0193533
-4.85186, -0.504128, 0.0190892
-3.54798, -0.488281, 0.0169139
-2.80427, -0.48527, 0.0134064
-1.92391, -0.483662, 0.0107771
-0.345217, -0.476884, 0.00592684
0.0588288, -0.475457, 0.00325392
0.13564, -0.474867, 0.00203559
-0.348528, -0.475591, 0.00170722
-0.400592, -0.475656, 0.00187401
-0.0316456, -0.47505, 0.00202723
-0.63778, -0.476892, 0.00420576
-1.76289, -0.485292, 0.00721138
-3.22645, -0.492089, 0.0113164
-4.49263, -0.520353, 0.0166171
-5.1579, -0.529002, 0.0208813
-5.58642, -0.524438, 0.0237097
-5.75343, -0.525066, 0.0250219
-9.67577, -0.559488, 0.0288736
-9.30581, -0.536456, 0.0299068
-9.75448, -0.537858, 0.0313603
-10.8516, -0.56642, 0.0361054
-11.5367, -0.542615, 0.0381025
-12.4591, -0.538816, 0.0404429
-13.2173, -0.530258, 0.043219
-14.1091, -0.532234, 0.0495254
-14.8403, -0.543904, 0.0518171
-15.6054, -0.55102, 0.0524359
-16.3819, -0.558976, 0.0557037
-18.1961, -0.602743, 0.0560521
-20.4323, -0.697666, 0.0587063
-19.6047, -0.623118, 0.0605438
-19.812, -0.624799, 0.0634974
-19.9174, -0.634187, 0.0646685
-19.9493, -0.641042, 0.0652155
-20.1938, -0.640463, 0.0647079
-20.2218, -0.643018, 0.0651288
-20.0536, -0.643862, 0.064791
-20.1507, -0.644407, 0.0647256
-19.8597, -0.631533, 0.0636157
-19.3862, -0.609636, 0.0621383
-19.1478, -0.610384, 0.0611456
-19.0284, -0.601886, 0.0604413
-18.562, -0.58569, 0.0594588
-18.4191, -0.593018, 0.0586187
-17.2892, -0.580994, 0.0570845
-18.0119, -0.613042, 0.0574156
-17.9326, -0.61606, 0.0563697
-18.5991, -0.613886, 0.0550773
-18.4239, -0.600402, 0.0535771
-20.519, -0.610811, 0.0528874
-20.5578, -0.603238, 0.0518958
-20.2681, -0.588485, 0.05009
-19.7345, -0.560669, 0.0481379
-20.4317, -0.546453, 0.0465142
-19.4711, -0.492885, 0.043392
-19.9725, -0.489408, 0.0420856
-19.3404, -0.469079, 0.0408151
-17.3093, -0.411109, 0.0386108
-17.3289, -0.421391, 0.0391521
-17.4721, -0.433898, 0.0399777
-17.5531, -0.432902, 0.0405743
-17.7849, -0.440901, 0.0411482
-17.8749, -0.442617, 0.0415612
-17.6463, -0.437412, 0.0415826
-16.9242, -0.420264, 0.0409016
-16.9511, -0.418279, 0.0405691
-16.7071, -0.385521, 0.039583
-16.3828, -0.373646, 0.0390732
-15.9729, -0.359434, 0.0384658
-16.0268, -0.36061, 0.0386853
